34
442
39
7
7
8
10
2
5
12
446
18
7
1
8
109
3
4
1
7
19
2
1
13
1
9
7
6
226
12
82
65
7
21
38
2
10
1
2
66
1
4
3
10
3
7
2
1
1
44
1
1
1
4
13
13
1
5
4
1
12
1
4
2
1
1
1
1
1
1
2
2
3
1
5
3
38
4
4
1
1
2
1
3
4
4
8
2
6
1
22
6
9
8
1
18
1
3
6
1
1
16
1
10
13
2
1
1
5
1
47
1
2
12
18
1
1
1
1
3
6
4
3
7
1
10
4
2
2
14
4
3
5
2
1
1
12
5
2
7
1
16
31
1
4
12
2
1
7
2
3
3
1
3
1
1
1
1
4
1
2
1
3
4
1
4
4
6
4
1
14
1
1
6
3
4
28
6
5
2
1
2
3
1
1
4
1
1
1
3
1
6
3
12
2
5
2
1
5
1
4
1
4
5
2
4
4
2
1
1
1
6
4
8
3
3
1
1
1
1
2
2
1
3
2
1
2
1
1
5
1
2
2
1
3
1
1
2
7
4
8
8
3
1
1
2
1
2
4
6
4
1
2
1
2
2
2
1
1
1
1
1
1
2
1
1
1
1
4
1
1
1
1
1
1
1
1
1
1
1
5
2
2
1
1
1
2
1
1
1
1
2
1
1
1
2
1
1
1
5
2
2
2
1
1
1
1
3
1
1
2
1
1
1
1
4
2
1
1
2
2
2
3
1
1
2
7
1
3
3
1
1
1
1
1
1
2
1
5
5
1
1
1
4
1
2
1
2
1
2
5
1
1
1
1
1
1
1
1
1
1
1
1
2
2
1
1
2
1
1
1
5
1
23
9
1
1
8
2
4
2
6
3
6
1
1
1
4
4
6
2
1
7
6
1
4
1
2
4
1
2
9
3
1
7
1
2
2
2
2
2
1
2
19
1
2
2
1
5
2
2
1
2
3
2
1
4
1
3
1
4
2
1
1
3
2
4
1
3
1
4

3
1
1
6
1
2
1
6
1
2
2
9
2
3
1
2
2
1
1
2
1
4
1
1
1
2
3
1
4
1
3
2
4
1
1
3
4
9
1
1
1
2
1
2
1
2
1
1
6
1
2
1
1
7
6
2
3
1
1
1
5
2
3
1
1
1
1
2
2
1
2
1
2
1
1
1
1
1
2
1
1
1
2
1
1
1
1
2
1
6
1
1
1
1
1
1
1
3
3
2
1
1
1
2
1
1
3
2
1
1
2
1
5
1
1
2
1
7
2
1
1
1
1
1
2
2
1
2
2
1
7
1
1
3
3
2
1
8
6
1
12
2
1
1
1
4
1
3
2
2
2
3
5
1
1
1
2
2
1
1
3
6
1
2
2
1
1
1
1
1
1
1
1
2
1
1
1
1
2
1
2
1
2
1
1
1
1
1
3
1
1
2
1
1
1
2
7
2
1
1
1
2
1
1
1
2
2
1
1
1
5
1
1
1
1
3
1
1
1
2
1
1
1
1
2
1
6
1
1
1
3
1
1
1
2
1
5
1
1
1
1
2
2
1
1
1
1
1
1
2
1
1
3
2
1
1
2
22
1
1
1
1
1
1
36
1
1
1
1
1
1
2
1
1
1
1
1
1
2
1
1
2
1
1
2
1
1
1
1
1
2
2
1
1
2
1
1
1
1
1
1
1
1
2
1
2
6
1
2
1
2
1
1
1
1
1
1
1
2
2
1
1
1
1
1
1
1
1
2
1
2
1
1
1
2
1
1
1
1
2
1
1
1
1
1
1
1
1
2
1
1
1
2
1
1
1
2
1
1
1
1
1
1
1
1
1
1
1
3
1
2
2
2
2
1
2
1
2
1
1
1
1
1
2
1
1
2
1
1
1
2
2
1
3
1
1
1
1
7
1
2
1
1
1
1
1
1
1
3
1
2
2
1
1
1
3
1
1
2
1
3
1
1
1
1
4
1
1
2
1
1
1
1
1
1
1
1
1
1
1
1
1
1
2
1
1
2
1
1
1
1
1
2
1
1
1
1
1
1
1
1
1
1
1
3
1
1
1
1
1
19
3
1
1
3
163
9
7
2
13
2
1
81
6
24
1
1
2
73
1
8
6
4
1
1
3
34
1
1
1
1
4
2
123
2
1
4
1
8
10
13
27
12
1
1
1
2
3
8
1
2
1
1
3
1
8
1
2
1
51
2
1
2
1
2
7
5
1
4
8
1
2
1
1
2
4
1
2
13
1
1
1
4
1
2
3
1
1
1
4
1
4
1
1
2
6
1
1
3
1
1
1
4
1
1
1
1
1
1
1
4
8
7
1
1
1
1
1
2
1
1
3
1
3
1
3
5
1
1
1
1
1
3
1
1
2
5
2
1
2
1
1
3
2
1
1
1
2
3
1
5
3
1
2
1
1
11
4
1
1
4
1
2
1
1
1
1
2
1
2
1
12
1
3
13
3
1
1
14
1
5
4
2
1
1
1
1
1
1
1
1
1
1
1
1
1
2
1
1
1
1
1
2
2
1
1
2
1
1
1
1
1
2
1
1
7
1
1
1
1
1
1
1
2
1
1
1
1
1
1
6
1
1
1
1
1
2
1
1
2
1
1
1
6
2
1
5
1
1
2
1
1
1
1
1
1
1
2
1
1
1
3
1
1
1
1
1
1
1
3
1
1
1
1
1
1
1
1
2
1
1
1
1
1
2
1
1
1
1
2
1
1
1
258
1078
2
6
4
107
15
1451
3
2
12
351
16
3
55
1
1
1
38
1
1
53
7
1
423
1
2
2
1
1
6
86
9
2
20
4
4
3
3
1
6
1
3
43
2
1
1
4
17
6
7
10
4
1
1
6
1
2
1
24
9
6
30
4
1
1
17
1
2
1
2
10
1
29
7
13
4
27
1
3
1
2
1
303
2
3
1
19
1
18
1
3
1
6
1
1
18
2
20
75
1
1
3
2
2
2
1
2
1
11
3
1
37
3
1
2
1
15
5
5
1
1
5
2
1
2
12
2
1
2
2
1
1
1
1
1
4
1
1
1
3
2
1
1
1
2
2
11
1
1
1
1
1
1
1
186
4
1
6
26
4
3
1
7
5
1
1
27
5
1
1
11
2
1
5
1
44
5
2
1
7
2
2
2
2
1
4
1
1
1
1
2
5
1
1
1
1
1
1
1
1
2
12
53
16
1
7
2
1
2
2
1
1
2
2
2
2
1
1
7
1
1
4
1
4
1
1
2
2
1
3
1
1
1
1
3
1
1
2
2
1
2
2
11
4
1
2
2
8
1
1
4
1
1
1
1
1
1
2
1
3
1
1
1
1
2
2
1
3
4
3
1
1
1
1
1
1
1
3
1
1
3
1
1
1
1
2
1
1
1
3
2
2
4
2
1
1
1
1
1
1
2
3
1
2
1
7
2
1
1
1
4
1
2
1
1
1
5
1
20
1
3
15
3
1
1
3
1
4
1
1
1
2
1
7
1
1
1
1
1
1
1
9
1
1
1
1
1
4
1
1
3
2
1
5
5
2
1
1
1
1
2
1
1
1
1
3
1
1
1
1
3
2
1
1
3
1
1
2
1
2
3
1
1
2
1
1
1
1
1
1
1
1
1
1
1
2
2
1
1
4
1
1
3
1
1
1
1
1
1
1
2
1
1
2
1
1
1
1
1
1
1
1
1
1
1
1
3
1
1
1
6
1
2
1
1
2
1
1
2
2
1
1
1
1
1
3
2
3
1
1
1
1
2
1
2
1
1
1
2
1
1
3
2
1
1
1
1
1
1
2
1
1
3
1
2
1
1
1
1
1
1
1
2
1
1
2
1
1
1
2
1
1
4
1
1
1
1
1
1
2
5
12
1
3
1
1
1
1
1
1
1
1
1
1
1
1
1
1
1
1
1
1
1
1
1
1
1
1
1
2
9
1
6
1
1
2
1
1
1
1
1
1
8
1
1
1
1
1
1
3
4
1
1
1
1
1
1
1
1
2
1
2
1
1
2
1
1
1
1
6
2
1
6
1
1
1
1
2
2
1
1
1
5
2
1
1
1
1
1
1
1
1
2
1
1
1
1
1
3
2
2
1
1
1
1
1
1
1
1
2
1
1
1
1
1
1
1
1
1
1
1
2
1
1
1
1
1
1
1
1
1
1
2
2
2
1
1
2
1
2
3
2
2
1
1
2
2
1
1
1
1
1
1
1
1
1
3
1
1
1
1
1
1
1
2
1
1
1
1
1
1
2
1
1
1
1
2
1
1
1
1
1
1
1
1
1
2
2
2
1
1
1
4
3
1
1
1
1
1
1
1
1
1
1
1
1
1
2
1
1
1
1
1
1
1
2
1
1
1
1
1
1
1
1
1
1
1
1
1
1
2
1
1
1
1
1
1
1
1
1
1
1
1
1
1
1
1
1
1
1
1
1
1
1
1
1
1
1
1
1
1
1
1
1
2
1
2
2
1
1
1
1
1
1
1
2
1
3
1
1
1
1
1
1
1
1
1
2
1
1
1
1
1
1
1
1
1
1
1
1
1
1
1
2
1
2
2
1
1
1
1
1
1
1
1
1
1
1
1
1
1
1
1
1
1
1
1
1
1
1
1
1
1
1
1
1
1
1
1
1
1
